$ANSIBLE_VAULT;1.1;AES256
30623138623135666366313363336239313166626164363234653930313937366137396237383434
3062666539663565613439306230643538643835353131350a616163393065643937646335376437
66663833336531333635363333346432323734306462316161336565353061616164323163356432
3765386465633636640a356238376534653735666434643562633066356166373138613533653436
66336163366162373461316362343065383863636561666461303462616131663165313937363137
38623735633738336337663835393633313630353733316263626139356331326531373961393430
37623536313532303139633234303938346164653463356335353862663431303834313361633034
35643639366464633137653237306364613936383838653833383230386635616232353631613161
36326233616663313261636330383261346431306533633736633565633930303466363535643038
65623033623834303231383138316537393636613931396137336538343563333432356566613933
38666162316138323833666435663230623530663163343966303432383964393161363133333236
39383335326637643531643338373239313037306239323832323034393833626263656534636661
63386634613866396536666235613036356336656530373431623133346138613631623231363834
63376630306138613235343664353334376235343661373362383239366461353063613136303631
30363035646239346136333232623333373132323636356666343332313035363332303662303033
39323931646162313536353236396431663665336366386131623664343634386131616530363635
62343033616465336364396237623937383337373333373865353566393762303532303739303466
62343137396566386336363336663863313964396566353130646237356166383563363263633330
61643431663134313939336333373135356663393031303936396562633163393839363638373233
61383061663162313030333336643332663332623661613965303066616531323234343833386561
38623335343536633264656330613338333539666439613830313635623962636662303562303838
39356564613038656263313534323337393437666634376561343838623763323564353566366563
66396334643237633837643030666630333365303133656232613037383532616135623563323532
32663466316161313262306330613233666233643239396162323263373134616336646464323535
65323563656265303534306431626462386434623831376531346535333730653639366236616263
32343964323063373263323432353764303765636366343361376433666266383765383939366165
66663833646232613562666362363064653431323965383531323764636436646433646636373035
64303635393135653930636463333233383431393838356534333161363834643637313233623535
34626231633366303932373962626137653337363464333262653930663837306365613966666265
66633061383762653166663238333361633237633865336161333038643264366366313264653232
66653465323161326135616337616261373865613862346134653466313335623030383961663831
33363837383765326330346232636135313732623764646161323932616632306136356661613234
37326666343663353865306138623961336537383735636133383861373738333032656439623736
61303666326166343163623261623666666366323562353038313665336139323261653564393539
34623034626466613234383639346166346662383632303931616538306231363461653134363263
35316331653161313862316134623334313530366236373136373736616239313365666462613630
32366636666566343465663339303636353536656662643962383831316562626236613936333332
36316434653935666637643865343662313135393832656536383738663634366235663137306138
33346131363135643861623834383865356438353531313461366361613262323062373032643637
65633033616436626266326665323663323561303466383762333939376132636232643834663234
35346432343137663738313433663436373662623863376364353535343331333836643033303539
31633862383435633362386364343266626162613535303236616264613066643130636662366234
31313339383264663836303232383265303066653431346130623832323866363762333866396362
66373962333034333336623431636564336530303334383164303063636331666638663438386338
32356639343562636237623435643064363964303364346636323230626539366466626133353236
35316236356230313866356662393561323938323239623234616434343565353435363934323966
35613636333033363464643564343834663731653231393832663235326238373836336233653938
38633562393834393930393138616165343465346461383639316630353965636130333431363263
33636162653736643330376333303437313134653035306136353533303663396431363337323364
31653238393962393264346636626161393835643439333532316363366133363064343431396566
61313434393566383234313736633961303565366337336562373664373034316435363833666461
61303635636631333865653365316633633161323766316437326363646135376333396439376264
39613761653930313937333766326233346463383230633063636465363463343931353763396530
61363762323065653931373130396461386139623234313565613739343164653134383239623362
65376135326231613931363638386639343738656531336261373431343533613564306139633332
34336661616162336262646437303839656663393430623930393437373165323236313830366162
32396134363033656536386431613463393361383562653738663662623963626564373532643637
64383836343463373063386561643563376561363466303333323836393065633363306639326364
32626164356435396233616139633266623234373239383537626363383732366439666230343336
39353637656165363437393337393734336530343763306631373139666434663331656264636263
38353733323930656233353032646262653533653765343361613339666537333262643164353537
32633365623333396332303732303665383266613061396337623366343439333930306663396331
63306133613662383139336138633236313262616566343132303666306335653033326164343733
61633262393864336161373162306265323233313034303238306431656564356434383731323835
63316536356231326264623961363465613738636137643066653030303731663234373434313538
65303934376139393933316230636536626234306132656137633834633739656563333466666434
34303932393830376232396261353437373138656333303636363465663836663762393630353566
65323937373234323363653431373663303965646636623236656334623861666533323963343762
38656437656130616666653633376166363766363338373833633663633131316330643463303930
30346366376566323133356236376233373437303936656162353163316266313564613066653934
62326434333936333362646436643565633364353435353763393530656535323731373935303034
39623835663137666461346563376133306264643161323736666232313132313032393865396364
32613138303466386336306139373938633833393935396161343433623031356134373032373961
65383366636332323066386439353934393366623132633239373466376334376165346438343161
35366662333739663032653837373662373131343336663361313332363937343736333431656362
35343861616639613662383961333563653765353132613238316265663262366265386665636236
61303061306565386336626663393833643738663839653366336630343666646338613630653166
66306437666136343736396338633535636236313533396531333061336237333863623430663735
33613465643637633939323330333838363737663861303766653065396463396236366165353966
61373734373130646131663564323730623463656233643863306635393837336232636435366136
34306365323039323234643761333933646233313266643062313562356366353338303637396436
36366432333334303061313261643532323637643837346230366130353637376339653336346431
37656261383634346432653966303333643964396536326164373834313135356132373866316333
32643066393238393537653464386231366438353966393661653232386637313763626231373964
35666566643363346262366262653935383733383766663965313838323831346638313636343137
32386631653532663536363837663164383666636131626237346334373334326631663636303739
61306538393161653237306532663863613761373265626332643239326564623966376164663461
30303461623935333735393430383531383038386563383632373332316637316338303933343436
37353939393763613464636363666435313133333136323165373233616664326530323631313937
37383337343538653062323564306466313264633337613530656332653737373163626165353065
64316531396134366363383565326134366263303938393339333638323931646563363162656166
62393031303332393766303939336662333433636362363963303361396161313930623737643865
33633364663930323265643264656365323062383139396162303666313465633138626537373836
37643838383464376136366330356133306633366532363830323135613733386362646438613161
38306333336531333934646466633965653833386664636664623934343662663238386336393936
66326337616165373035393832393037313863363966396531303563333461633763656136613431
63396134396664383666323963636161613966306234356633623038313939323464373030333734
34386566363834326530613434363933333535333233353938373465313531363364646139626235
61323138306631323966363365633038333165613263363836646535663137363237633538633931
33613830346134653862386633646437653361663664366439626365313733356130386630346361
62653738356361653961633466633832313837333365353339306338616234386336373132636166
39626364386535323734616564393066663736626163383861353736663632643430323266333533
66376138336434613030336633323261666237373365316161353463656131313132326235663737
30376135386365323163323465396464373437343564326265656663366335613233626638646533
33613962633231643839313639623466353066646231323837343963306232343933356432646362
63663032653730343334323862303538336337363332396331366265333161653930323666343530
38346331373732363665613639323062333366623564386131613833336232396236623439623465
37643861636432356662343561623234613437323634356239663837316237626261353131313339
31623232376335643939316232323264663931336431303263336637396631316632373463383031
32393532396331663831343161303566366234663232623034303231626539663335663432343537
37353737663264336233656434336638393434663434366164383339656365643632373464663231
30306332623065313466646636633434616264363933383530313735313034316663653934343062
32636631363764663232366237326139383432396535636432656663396437376437353962353761
32336561306434656137316463643730363038383331633634623534313566313266653662363464
32613961663335333838666235356165613034663865353436363962626164646635613866633732
34356636363130613331393061343862666664343661383564633965323764396365373834616432
35396130353531383437323761626561333735333933663138623032343235323338656266613933
62626463333061666439626436363632663031303761353036353633356630646262353636363033
36353666653038303736346335373366326363343063343436616161303863623235386236316237
32633533363834303036363734346539326234643031316334376337326334353633623034353837
32386137303736393430363161613263656165333266313731313832633063633836666465653338
62353332616639616338643163303537623636656534616561656439383138626565376139303532
39373234363665386665616430626238313363643063316333383239666139333162306632633066
66333863333065663636333265343864333763653061636138316231343636313165633865386332
62336634653430393032653934313961393066343966393236303234643736383663353833623231
66323332663033356130653933393861303066326438333065333536616164316532353466393564
37343866316136653332616363346534636164666333316231623932303261643831306633323965
30323130303333663032373034643461373737353863323864313064373663356364356562646234
34376664333064613333663635363030336462633538616232613534646536313662616136303434
30653664623331313239626539306338346266386565613765383262306164363064333165626163
31363062323139333161323134343439623032386230396362393766303135633536653363383137
39613137636563313261373939363730383166356234313965366164626535666461306637326135
31373666353963626335653939646566616266326539623139386533353531323631393938343837
33373438643035306432616637636138376161313937623535323234323439346437313437666263
37313461663133383634646536616439336265386338613832303832326365646539666131316336
33373937626261333462653135313234623961393634613961396536663630613036353334303463
37313236336664666234343239356432363465303661383435663863373035656332356131356438
61373338646531646237376534633237636133336261303039363439616463656132613431393833
30663138306164373735653739343462323539643631393933623962646131343330646131346264
35633161636134313661356233636233393561653136326361313662393037333264613533383861
37313562653532316635346262323661653066646437616466633835303066376436633435663635
39323563363263613435396232633663383266656561356433613839623264643063376531356430
31303939386435323739633430303631306166323038313331373936353964363937323237633739
62343631363034393762343035643535323862376439666631623434336564376263313636366337
35383432393362663535303636656366666233623537386364313735613934633436646139313965
33373163643735633261646663613962386430313436633331313834316262643936313734303132
34326339623665373934376663656331656634383566653633306662633836656265613063316430
31336465333532356366663730333064656138313632356665363737623039666136626636666438
61316530313537393530616163303136643634623166333436623964643937356361643565666434
37313635393531626235656165303438616634663337373639346364393935623366363936366261
64633362356666323737623438333439626530316437326336313630623938316132343164323939
66393532363265373861313062383364646438386634366233663635613538633738623539623365
66396333353865326233316331623032653231663830303835323063653264626435646437616662
38336261363737356330333534363437303832336439356532353462376439333131303063666663
39616335393463633964623131353664623937613963663331323337373333373137613533396364
36313265323365653630336364316336363538343561623334353066326662383234306631393234
35393764376531653961333436336332663532653064333439383337336130353664363432656337
63323632646164613665333062646462323861646161653537303132343738323564636363373731
63656262626164646631363032656231613837346437663737663535336631363263663961336434
39666431303237353962386237303437313562663264333562336132366136316134393466666238
64303038393933383235666634303665373164336236333565646561393139383035616533343835
62643063383934363833616663663164336463636130636136316662316530373966316137306133
63643463663166303233343361323362623635643664616538383265663939373237376638653933
32323639613766333738633264643163303162366134633233373236616635323666626564663331
32333530613736366561633131653636646264303963663765303561303636663037393637363161
64306663383736663566623461363666343830303930366232373935363331653739646531623633
33383463376633363231653431343938633537656237656237633463336539313533613433663433
63323562393630366164383438353539343838386631323432613031353738393535663461356662
35393965383432656531313161643133626635633039633132376330663164653536353936653838
34376465306662643139623636323436383536613034656231326632633037383333323862326665
65646139353536376631393234653737623361303464363633393730303030616162386630366139
61303163306664306437333737336265633564373961396338623862336135613132313864303036
37393139396337303234633730396635393031383166393130663131343038356666366538306231
34373337663839653931643361306364653962623063326164633634663130353066313831363638
62323064363335663263306563636637343931323363313362326338653134636162326435373931
34633938343031356135613630303964373436613765323763623833396462663432353435663233
32313464373163343334336632316364623463396131373032396363626132333032326165656561
63316532396266386435333763363465393465333365316632653863616238623237316139373936
64623330353462616264633938346430383366663462653765343135346234373066633336623931
30326361383431616338373639346234663638336132383463656439663463313334373266666430
34323332323836376131306365343064636166343532623163353965633732393339663439386238
38313163616436323062346535613835333734363964313964316532666537663965653265336562
36663263303662636630373238303631383433343032393262323434666639666536613661643132
30366132613435333164613863376165333938323861646164376236346233363830373637383664
38343061393334316230656532393636666132666538366462313164383466613839336337306432
62653938333064346333623364303639636335376561336537643565626337656539326135313235
65336261383765653539386663376231653939386364613536323866396630646564646237306466
62396237353235313961363563316237363633363266343862383438636263313166363339363463
63633334376330663939393836313262626132363739623335323732613664303163633538616633
35653839326532316661616239376130323936653435333662633738623930363864323832653034
39623862356137653466346238666564613061623361666538633334666539363431383137306164
62323535323336373730626436363361396330643265313064313436333762383233633233353066
37653330663265666631636432353333646639323666333237386437396139386339306366326535
36353165376165356466663738623533616538313839343963626433313439383363383361383334
33386261396237393030333530363235363838323739643263393266383338643036323131343561
37653761623765336661636662333235343562626636326336626336626531626335343165383731
32386664303961393238306564346635643461326566383066303032666631323262656161333839
64383063663836343034353261666562653134373338336161343761363535376465316137626335
33323737353133303830323431613266613830323364373266356539333830353361323930353235
63363261303433336532316332306264303465326266303230666566616639376665633131303966
33306439393461306630366665653133303639666365343636646434353365353165613138333730
63383834316335646437653764633163646663656461636237656631306166383531613832353435
39373931346666623231633538386262353865643530346465613231666638376661633938313237
39356162643033306239633337306434336264383963383636323237356661323263343266613837
62336333623132623265626334616162306234363639353863396463386530396366336633393338
30303331346538633566363164336133373738613430396166383338363135376631633963616136
34323464396337336165363236396364616462616261326637653539653233316661313563623165
66626635613131613865643763323938323663653664646138376239323731333938333232363137
36653232386666646130363738303236366664343633623833393663613332303239313665323264
32303635313165313361373161373061323964353063643764383833333862323230363064336438
64643935333034363764343464303738616163633762383130646234633733373137323335376663
33333661656336363938636564663533653362646162343232626466386632386461646439633836
64646262343736363262663639643032303230353336663964303736373261653233303139363639
64656337636466636164306434613333616230623561646165373838623166356230383861356561
66346564633431643633623664653061396161343966303034303930386232613535323330336638
34363966326263336362333963663034343538346566663562303236323130326162326634366435
30626530623264646662633133326365613166643164363633323834623762376263643031313731
63623339636464396434353138333962396562396461353032346165613266303630363638353338
33666164386336653332653133393866626430663031373361303137313237313864373061663265
35633535653037313666643361363265666236316334376461646664373063346337646165613132
66303366383932383033653964333131636566626464316138616231323139616234643361336332
62663730666133356134653162333438356265336261313264636162343034316466383336323766
65343662666661616339616238356563343636666238323930313832313136393966383766333630
66316261633931316464343864393963356233653761316266396537663164393261616565336636
31653432326635626234313036346134303864633436363233363261336235633639383539626234
33373633653430373736386132663536396135643732333632616533613233393266323735333938
38383732643361376464383835323662323035363761613930306236656134336431393965653836
32323736363566336664313362666464383834313839313134313532626539356362383864626238
35356631316338366634333631356434626234626131353036653434646533396264303563643836
64626666323539376163643164616161663165316339633937363766393136666237333837646362
62336562626237323732623239353633313835643134313739333031653234663062623438303461
62666165323231343363666562653165323034346165663236333133356664363634646465663531
30343535666564353564666165346165356636353761393633366534343034303431396235366530
37316136356134643039343939633233663834336630373863343731386434623035653134393638
36366138393362656530643162663261643531326164323531383762326237633033646462646635
35383163333063623364626238336163393739343865313637336564626562323965613566386135
30613666356566613531396661306362643933343733356364333465313938643636393330333936
61306536653963303735386164653535313833326461396139333035326561326333386563623935
63326164373462653664333231623966313062386662366465356366393235373130346430396363
31653031626265316131323265643938366561373166383164306363363237646666633532356533
34623664376438386139383839303133393233303531396566613762383234626166346462623930
66326137303835343235613534623032643139623439333630323463346637316139313537623133
62633138313038396565323736623932313833343238316565313133396330306263356561643664
32356465383730663230343364383263306639366639663966363064386564353263333038646337
36633233393039643333393966646334316638306237646136383862356530656265373066393661
37313431373637376138373763623463663837363463366337653463613438623563393764356431
66663463646236386365306464343331386132393539306232346666386432643638653739303064
63326162623765366338303732323563633464343836373031396637653330623138613166623136
65393137313132613361373733363037303836663463393662613662666332643865663332656335
39326565396232316366616431376239393736316465343766346333353831333764613032643263
32343264353136636461346635353363353466303837353130393862333033383332626163393138
37646530303763306464346535303765653064393335393536323432383334636566316239316135
37613462373465656233366264343066613061323731303461376561313130646635333063626561
31333935666633666563663633336334633366646533396264643062383632383062316431363763
32306261316635616233653236386636353631646631396236306533666336633561616534626134
62383965326565633334333035313462346163373837333534373664616332306164383162356431
32316333306665316638343261333830386532346136623261373138306136626434623333356566
35393663613339656234353238653236343164653865666661613130643831386231626239643966
61613535323531393163656536623635396361343131393632393438356334383830636265613031
32396662343832323939393764353463323139303136373566323164376134363033666339363766
64636338313632353961373730643038316133336439323736346530623462383632653132373265
30666163303466633733633638666463616532356331616361343163353332616238316239343562
31626465323030636430643761316232313839336533343563646161666436646632616337316635
62666535313265383336383361353764353964313236353537343234376263623062663039393038
64303736366264383838333437343538633161376131326432626239326533343433343735626437
36663530633534303737323838333765363231363933643135626361623033386133376430636435
32373066383535643831303137626562636233393163613730373532333038303936393332656339
30613533613763633766633866653538306432343638323733306330636562366265383762666263
37663037663032306663313066336266363365313433396463616163326139656638376231366532
33666664336361666231633665663363363361313530633962366433383865353434613235306335
34626564656131333639376437323634393233396463303331633865633535653530343562333030
62366362343735316266353562373230356631333737343833353865383235386334613766363365
32363063663334343333616137396636646464326366613266633864306135366434666439643633
30393839663132613738386130656236653935356463303232663461303761616139343466663439
30643931326563323363303062363264616234356132346131396431363563633638373165313362
33663637323235663562393439643765633132306163373430303437393433353232356261323531
31333137333464653561353664393663363238356533366130323163353836626362316538656164
37626466336662646333623336303131336266313632636665373830356236386566313266666565
30616163356232666664333365363236323536336239353037656534383037386135613937366131
38613266343034356165613139616364653331626134336638393934663535383262323032343837
65623961643561356239633262366430656434303330636336633230616566353739373264373638
35633063316333353637663331306563383966353262646334386663633662663638363337313435
32363339343563346531303961373665323764343932613064323864656636316335353866343465
37616532633330366435653262336365643632396435623665633434663465303465366532336364
39353639363538393362313732613430383836353938306332613664366239616535353733656266
36633066613062616536613865306162616562383461303235323436623538333261346637626233
38383234613062613431633837316630353234666531346266626138623936326163623262363938
35333962343434383038656166613139303932656137393765613935346430303433393061313537
62373034363932343233616335653938633661303935633235353931303335626439303164643865
64313031366632636134656265633166633130616334326236643731646139636363353738396437
62316632666565336561373365616436306339623164336531323433333862343561633163623861
36303866316132366266303363383439326239653434333264643862363563663232333334623633
65316161643037633731333161306564336639653666633065323561643137633562313333353830
38373261373335373631316463306437383366666461663662323862613462666566323163396162
62616131386537646264373432666339343237336563626131613638393835376139353039633666
37353034613961326361326134613238303236313132623430346465373533623337613631393434
63316638636439313935303834626230633364613765303838613030303936336434343064386431
37653962353932396339623866373737336337383431303463393437643334623138313437653638
63373438623132356261346666636631386631643539386436396362363233373065613138393630
62656238353764393161386435363064363064616536383832333961663030396133353862366663
64383864366262323966653238656234383539623732646261393666646232373939316339346564
32343462623330656138613634633738636363323039646338393236616132353362613634333430
38393263613066343031633961663632356435373933316332663063646639616666336330386531
36613265636333393661313536646466353366326139623230306365623430653565316630656332
65656530306434393637313734353466343832323737336336643336313232626138313038663062
64336538386131656135396430613234333035343539616263373766343162646135613466613162
31653565323238363537666633313236653238353162396133373633376166643662623537366135
31303232363736353433653533323862653863643164646134343131303865386461353866376464
61333065303163396564383264373062646164636165333033326262326663353539326266626266
61646362323637323532346331613538346538636332336439306161343663386264646234343830
65656632616265363038386166353939353137663263306362313561353862643163363230323066
63326566363766653162306635363035343535326462343861656339383138666333323033333731
33343139656339353766646563353832366363613566316230636266666261376232373338356238
36656639343234333932323036363761346132333431616365333965303861396365336237313464
32326231616239353061373434373136333234386335663830396632623137323038343433333063
62353635326431633966633533396536643536333565633438353733646335643433623335326261
37393033623930666538326234376661666532323137663062626666306335386537666235646631
65626238316237336233653137366164626133366339323261633732373164623461336366666536
36303363663635656532336635313265653865306563663764613232363436383863613837303365
63306361303036376536623634363361666563373030383439383334353932356561346633646230
61383935633465623131333565306361333133653834393537343236393631333565306231313166
30323038316332376339613362663038366238373036623332313833383363633035663737666333
38626336633165633333346230633138363162303162656331613437366638613431376232306261
34646561633265616534363337333064333065653366663933343363306138653136303931326533
64643232633738313338613764393261643438666233323139396131383566623661373631303131
34613730646130343835663138343332363461643034336662363463643661303037356261383736
39376531316265616362636465343139366464663530656566653165303331643266373135646338
65343861366563656238346336666364613962666563373333386236356330336139663432623766
37363166623732313466623930386665353866373536633332613331393263306639306562346365
62313439643266613137366335333533336130333733666563396136353834366164363435323834
61303732383933343664626439613733373066646663633737393337633238386363633635373038
64356266653031366366623033636638616230653236323163303931343863396436306265646234
66613165656265316339613361376236343163376166616661313263333733343335653263353931
39313865326331633735333332326166356364646239303432303935323465306362316462326264
66363565316635343337656564633139333133373338313635613436333133373235613031663738
61613432316639316538633634323666643565333562333264636339656134376537623231653932
31313634613032633835613061616634623563623534613966323864643763666163396337313530
63663563633638386232376263373363383136383061393239333162333936393062663264616233
34623735373130666534643831313336366365653530373366343965386139613462363435313438
66663338396234316331333930336632666433353730316663666666383339633631646262346434
61616339656464363434663936333037636530376464653937636131386135646430316533373931
63353534366536633763393537616236303739386338396534623333656463316537343837353839
62663938653434643935316264373036336364303039356435393265633561323436373834633834
30333335356464643566323435613738376462306538393032323239396435393633613330636337
30363962323433393165376439623639376562386130636336316538303166643630306266333861
61613064313932646166383963383862656237663263633433303161653462356331373731363464
66396466636637653733636337336334333836313636653464383730653136613161323133343437
31316339313464383435633839653232363531636465303137656362376330343938356235353130
66313131343431623062313263333865383738613332303165393733316533616534323935376231
63316137633738396236323637613262613065366237393839303739316465316534373336303835
63663338326662366630336563666563396462336232366332353936323662343836636363333437
37306439353131323064376666663261326561353635653131333739336363323131366634363430
64303530623763326439386238383233663834613430323766636136663637376234663062343365
65646164306233353430386639316166663137663538353163323331346437323937336430393433
33323164646431386537363833663334363961663035663666653230666339313034353239643066
63336334313532353031333765366235363431333433356266313036366433303966393562303661
38613964376661633866356136303731623665336465643161353533383364353636636166306434
62306239626635313733666564613939633763326130343561663238613630646663373134663931
66373330626537393366646161313466653862303564303666323264636465366563323863333634
63356435303839316437616330646539333464376435386666386261613962326230353634343363
35316236326636663330333538653237316130373139643365333231616630353938343133353765
63396466383530616636666532333732353237326239346537306333366630633037306161616538
32336230313634353961343164313834633039356535653531613333323037643566353335653831
62316232366631316163393737373637653632393637653164323632393863613733363631323234
34663230663530333330333132666530303164326162646438303030383933353433383639393739
32666533663735396530623731336466333737373234376231333838333133363837373563643265
65383939396562653434326433363934363636646566383366383935346161343933393363646338
61643631323965333061353435653833623763646636633064623632316638323235353562356463
66353064396338363963643366386535313864653036333530373564633661643131303235643130
66386363363333636561663261323364366236383534393965343830623536363339386331306264
37616431366536303761306365316137343333336565313130656562373161623361343137313739
64333263653062326564616630326533636263633665393738356431326432313061343363363133
63623533313832653761343433623833373265666463663939643861386531666233366639613461
66323834323064353238623664303966363466323538313534346134333939623434393239383035
61383134623335343730643463616538346231616366363531613964323264656431326638613639
61646362356535626362643038613335316366626636383632313061393836373238623765663863
37326531376136613763366530646662376661336532353563376235306439363331316238386566
37613638353035316537366530663931313530633334353438303538386633383363363135623262
35666131343338616538363232386162373362356231663438373063313133616537343233636638
32336433336438356266366130643334346265373634396262303463646437653030623334383530
38383736623431333139393934393038363565343737336432633633643634633463613236353132
66366431336637636133613864366536396437376166653965306639363032373636636165666433
30616636373965643865383935633862663432306333326632383965633262383132306238393064
33636135336363393231326334633861386462653064343962346533646461363161396464363938
30633461623135643133303464653965633335656230636431333232666663643634336630616561
30353630636635666663316663383566323935303566626462613732656530316566313636363434
63376534363239346639376530626361643032343237383831373430623662616234666239396466
38356264663465343566316362623530386434343232346135666266613536626165646163666234
39643738623965336361613166316430623432313134613263646231343638316464316566353239
34393933396264376263623865353038613338353465623633366534633161303630383565366663
61346331656438326237636433633837363565393864333364346464636263366233616536663565
64353539646562386437666264363564656231636530393539623764356230383233333132373364
62656562386163663532653262353065333463616238376435636563333837396363643232363166
31376330303365323333643861646139343731396365303936343833393634373866366162643632
31313564373535306334313934663463316431313362616135306164613265646535633739393462
66626164386232373038393833393737326261643832633935333566346166663634643262386662
64316633366333646231333537386566386136633032343366313534613537333632386538316432
36663332303762636230623866356335303566326561356234393131333261376131343936623762
62663132373334373735636162646237626434366637613461623033636563356137303566626333
32303532343063353836366135666631353238303435343961623866333463383138333664313466
64643362613865323432633339366361346164306465653339393235386162373864343961613030
61326665356563363033656330383761636665333965646364613662393964636239336137316534
61386565333035313432333839303562376134653934633735346531663939366437343435333531
38303539623164366636653863306536383132336636376633656236356361646531663430326330
63326563626264316231663931633061613061323361373138633636613366663263623463356135
34323337303063653037373330613862613566613831313661333234396135366138386433623435
61633230383365653065366531323431613237633638353139343266666130613762373731303838
64343465636636356439323937663962663934386263333933656234353733646566343566623835
62396637353465643666643031353830323765636531343531383037613830383264373664393638
31366438653935366239383735393238393435653864386461336636346634386461653336356232
35643131623538633836383036313436376638306465333932353338636634646139306238663666
34363565363064343332633935623133363034613366386239643935663931336134333764626336
30646263376533316464396138666565656661376264303038666163333836386163373561633639
30333361646237623130346463333564643636613439313264393032303538313666643536363763
34396161613563303833396331313165636365626663663232326632373739366534336239333664
65656665366230383663333931356332623932313930333632623231343930623830303630653166
37653135666263353462386164393934373731653830363363633562343931303038343462373766
37643237396637666433653432343665306430326436363666373435646239363930636434373435
33663733626466303863316363356231643730306435363030613939633339323130653464386161
36623261336335376437636331656464393137626135666632346135633833653162333464313338
65316332396234613661643233626636343132646533623664303939653261646230343765323161
33633732393532616535643237363265646165333066616130343337316631613062343731323532
35376337366534393866366663653330613064663932646139336634656630653761326232353362
61313462356430653436303733363635343166346161393361353435666231653432653861323763
63383266343635306162363835646262313035383665393339363234643933313931313434643062
39306134353635383236353861373831343761303636306333353733306331636232613336323162
34643634336331323139636330393136363261353361383164653039393237616364623332393866
65326638343461306164393364633336326633653230646238313232626437376663623531383338
37393365666633373332646465626134666162633835363532393132626266383837306164376534
33663533343131636664313065623336666236313465396539316463393938346135653536613264
66643966396161376138353836353461333762316238376336613061376439633964316561383962
34336336333564383633306366356135393031323636646336383537353937636466386463363135
38366265363463333663326133336235326364663861386232643161336630393638333737663861
35626331396336636332333461363934333439653464343362346565666237376230383866386164
64656365363565363132393566323864313933353030373233656364346535633564333632373531
63663064323438363831346564323066613465653165643030653035303939363663313064623337
63396165383366373736373730656238653431346636306133333636303736346362356438333733
62383761353664316139393033393131663564303861346534363333633031653630313631386338
65616465363263306332633239376561616533393031396539623363333461666263666662363163
32306237333833613031663032653665663266386265643866356663623566313133636265663931
32313835373263326533303464356537383736303964396166663331353661613236616531336237
39376436613364656235643565396135353565343034333730616634666133386239363131663961
65333330333366323366373662373063616535623733383164323430343766353037333530303537
33656462343931616664353265383131346137363835336534393462613162316462383936666663
63303965353333646433653335636664616532313235323037303065373838353731323130376633
35633365633536393836663461363431396230653865623334376262636261303565316435313065
34396235613238626461626539303362336266383131373763663130333136306365643566616233
33376466303537386533343632636332643966663361333863346338633333636531313963326463
65396562633239363130623133646138356663333632336565656131626663366231363238653562
30613662623763366634626365653533356638343835393064646261363361633165666161333263
333031613163376132303533323962653861
