$ANSIBLE_VAULT;1.1;AES256
65623963666636646438633762316433366437313036653032343139643138633430303261383233
3265323430663761636563386265653435313231353133390a656236643837396461316635303634
62663562313832653133613135323261373464663463356338383138386134303239653364636536
3335366262626363370a353431363966313362646439666137363931343830663638313534333765
38323231366636363332623333643137626563356635303862373137386265383738383137326335
61373130396165633261633561336362366539353733626337343661343230363835313134623439
64353765363434623230346535306463653262396663353231303234363863643738323734303939
61323135313635623532623137303733343536353463643564646666633937346561316333306132
66333266306136316635373561393361333233656461663335653865316239646665656437333163
36643837613862383039323333323763383163386564643961383833613534396362343164303065
39366339363234633264666337373838353831303832393035653930303533383533346339316336
37633835316562316130383331613138626530356361326134383832326262376630313134386534
36326135363062376438383138323864666664633831373565383063383364303835646563313238
34663164366538346539646431353464333039616266643330386231623931356466633665613563
61613863646233303231623661343066623235313239396362383766343436323638393664323465
36633661353835386339383831346535653861643664393333663766376264663131396433333931
65373464353839663835633937303630643862653435623264663032653565306166303262336632
64366366343833383833653666626432333135653931333230373335363565303539383932316436
65326531653137346463393461633062336437616463363639333633343739326339653165653131
32333734663965346533393338613634356131633162613931663761383462336564316630336564
31666131656362343138346239636430383433653563646264636136386266313365613537663832
63333337346334336263633863393134356130353830373963356134656132633234663831303538
33663461313166313265343831363236613266346238643262306535396234343938646437656263
62313937666335653131316163393730363936366536363262626330333161633134303037313663
31363165303939653766623036633566396362396433326162376437656638323637333463313737
38363965316437323864633264383635653537346335386232346438303737636463393232343937
61336331393061636438336563363736383932623163396364336431623131616161643238393261
61633033373531623734373264666364323936326166373364656332316362373932613135303163
66636336616631366138303863343532393261643339396365313838336461343934356637353665
33383933306633346635393333366261356565323162393664633565656266353062323232623133
38363134646262373733373231653761346430633630303632656461623830646437393038306233
61613065626333653863663862393861323132343436616161636666303933643036386330393461
61376332636266306638303030633038623139383534663231623231646265386435396430666133
33363735666437353466626637396463663435393237316138363931316262666631646333623538
39373661656261323437343636313963343136366165663138303664643664346362663230626137
62313533373065613234663435363866336562316531326166343533353137623437333034353438
33623063353833393464613130303561326137633939356438376535383533613366633437636533
37663936656161653036373265613530303633646432666230653136383462313333353832383736
38663634643166636636396332303235333962316535613631363962653439376239353333663937
62663266646566363431356566616139363637663262393163393033383332613165326333346465
64373635663730303839613631396465386163383034343563623636373834333739336233616361
65313639666633376462643166376263363862656266613332343834333461373735646139646137
65316635333265366138343037613666346235306434353635343265373062306262343337336532
36333666656365396437366164303532643832373162343438333036613864303031653736336362
33393231313035663232383939383464653863353663333830393231653538373234646266373233
31383035386433396663313939303663363135346431326637326164313936353762353430373136
61316631323064313138386232646139663563313735346136306265343032336563636430343961
39613330323162613636663561313035366436396333366264663539356230633364303034636633
35303865653665376263313736373833343435393637316134636635366536363763393730373438
31333662633539363038653764313366616437353162393132376637373439636637323135386366
33656565333935323763656335393264663062663865366462346336653738386236376235383139
33326432626533363536313539303937623236343233643433356130383564623365353263323734
65626230396632623938353433303336393862343762373538393461356162393761346666613638
30386262616638626433363465303265616534343535373161663633616639633837373739663064
31646365386235383634386638636432386461633934303430383430613737306266373936613861
32333835353138636534663134363930373661393066343731613565326637393866333931643639
31343631373964613031633035333632303633333935356137306639303265366361663933663337
3739383663626363666430623430386335643030383332306664
