$ANSIBLE_VAULT;1.1;AES256
30323164386264393665343535326365616565383033623436626336313738373039323337613033
3665336166656539636632633233633164303362646464320a376237306130616635623139616539
39363339396164616266393466343664663533376438353330633733616133363534336166326164
3035356164386637360a623862333861313562633535376538336436303664363930386232623935
64613737663235393535356637386230393733396265393631643362636639306435343834656131
61353932303035373134626238643939333933393734313136376161323234383435313662633835
65323033373631376633343062623938323635346639306664363661633233376230373333313265
37356264353832383162356233366637393139633537306633613438396333343734626661376662
37343861663839613339323437316135303339633933393665643730376233323533376232616564
39393134633364646434646333633437626234663937373633386365386661396463633238323763
62383536306330323036363561646561663137393638326262613737386164303162623539393133
64626364373636633164636433383330323962373534656466653534393166656564623966386237
35363034613337616430383136666337373030383537363332336130636230353862333137353230
61383666376330653037653239323764386466343764363562656631666532373737653939343835
64336437373738623464626633636533643664313431663937646332313661306235356634326131
30653334346630363138376333393434313564306532333238323538333363316164336439633562
38356331323439306462643632373639363535643939393061356266663338613733613734653837
36323938373066343634323366633665323562366562616234353835386134656637346564633434
64336335393039376431353436303933616635393333616363363433333334366366323664663436
65326362366434376532643330666238376637303564376661653433376662663232383063343639
65316437623666626438346661396439643936623061303632336434646263306362613638303366
63353031333532653433653632663964323732396535633262313164663066333935613033323236
34616138613834366165613434636165613137393530666131326164363665616163633461333362
39383663363339343561613237393936393462663464643830666536386565306134393561306231
35306430333564383137643832633263666462663430373565376633336165346632316632653734
37356130373036356435343537353638656336323766373439616532633335396135306238393464
39653463393265656565643834326534663636663932323263656231636639386235383565633561
38363335316336343236626636343137353539316263373065616232383035313632306531366466
37343065323836636164316638323236653139303963346339303765336536373231656630343966
61303262646332366565616431336465303532303661393730623037326134353138383033363134
32333330646531333833663138633536666337303636663163353835316264633437313733333530
64323333383661316331346238663165333464333436366565356633303432316232623132306138
35373461363131333337316663636264353035623136656432346364346165323536363931373635
62616532326466643564376366323735613661353335353536326230663533633733336439363964
36653131616130396338303162653331623564646463306139656630333236373139363362373432
32333132653033616233616430323761666664636466663639393638353762353166663433363038
31303463623061336133616466313366393533643835646262323039613966363465643761636564
32663066656465663037333433376432336565343334373338653166346530623564373436366662
30666233666335356631353061336239383066326434306466306230333662376338326439333834
30653765396635323238363766323537323434353862353539383637643564373936393635616235
62626161643739666265643466613066373335383438616665646563656164656362376132346134
63386138646463633332643264323766313634323063666233393562306261636230333839626664
66393230666437643466313565343935376230383666393464623966366132393330306332363265
33323039633738353566373135316264663737356566323137373237666432313338613062613338
38363965643731336230376334316439343832383462373731633430363336623566646631653065
34613563626336393665363865343431666233336566646461623237323666396665616631386461
38323765303539343031386232333633383466613662613364313938356136616535383035333431
34353834643936356264336130306130633966373465383834613035636562613131613335376131
62356363666165323630623035323639376263626330656432383432623065363561646433626366
33633835323965643461643164643732393538646338386162616530323164353337396235383364
34366636616339346636353163353237343137666632336330353862326334376238666632353563
32396363653261613935336265336664386132353962643363636432666336353932386438626136
34643038616166633465616465353732643833656639346264383530353462316330386633646261
30623836646365643439323462663935613430366233656536663262646433626163393832306437
38356265623037353431373935396361326665613631666563363762336336306335373063376361
32643536633134623466346136343663373264633161636466343763663134613033303231666366
30363033373437353562383132333264636632396330373063336131313265323531323233626666
30636230373466326565653933616231386438633164646566616135373462303062643636653661
62363663313664393438663031356232386336316437316535376464663430633437383539376137
32386232643732633339386461613233393439316539383937393338666539393038626639356463
35636337666134616666323136376666656630366236386463613838343630636338633533316239
35656366633238333265376563333630613032613864343437643066623664386434393536623162
64633835393837316331393035303062663531613935383037393065306439663538663538613035
61363430663738636662313262613264653461303032396534393064636233356530626338323765
61386438623337386137646636633665326461633236653530323437633666623731306166643838
61303961323734626462333437613066393466633563663731326533633833393533633135653837
38336564646239376330316234623264323135303264333831356237616462303461316239663236
37663432326539306536373366396562313734353033373236383965633965396133613034323665
37643962323764353464643134353866313137353361323031653934396638663532396163663130
63356630613533623237333035653466663430353962323634626234333766366266366664623038
38636539643339666535323465316663353133633235306635633534383663323038646233366239
35623634313833643739626331623733616333333139346536646136353034643561663638373831
34623137303565313333363630373333303831366131376362333962386639313161386239343939
63666339656138356463616362373537376465633933356432356230373037396163373561393437
37343033323232383539363665653065366533633839366535396538656331303834356232306139
31616664336333303033613635393265656132383464653161333261626333393737326531313266
39343739323632626263343936346232653331626233356238663763343364383538643435303839
66323837623466656531363431613536323665653461666165303231663833633664326236303130
39333131653964303165316237613265623465616234643965616233396361363031333765613363
37383934656131363836646266633238626262353033663531626166383832393338326465323130
66666537346631333461316538386139386635376162376437623235313262336165306334353231
38333031393661636663316238323039393131623132653065383834646136343266343862306162
39646638656566643832393663383336656437333838396431623962656433346431346535303834
34336338653030666164386635623664613333306632306166336231373264356631653438626565
38623333366662326461376364323330656637663231633132623432353365393936316438363365
64313131343066336663363762633434363031653033313732396334623937356432303065313834
34336439636133373263633365343862636336643637386635356261393237333433623664623835
32346433306538343730396165613132323136313462323130333336663331363364626664383764
66646432313866303234393435373961393335313466323065333732323863373437356664313233
37353761626666366561633863313264353838613636656432323463346131333932393032353838
37316535633338323162653838613065613136313835386661333138623236303237366437663963
63616234366336323362613561303632383831376336636130363738303866656439346432633164
6564
