$ANSIBLE_VAULT;1.1;AES256
38633061316434383639333335363465616432333064613938653764643164393430623938323336
3633336336323862613036636635653532353435316530640a373439646263356538633562336137
62393136313662316165383630376132306564633361373261643538353866373166653266346363
6265636462343936350a663263333563666437633834636664396131353732343330393130386163
36316239343234383834633731613932373965623233303937333233333239623364633336316136
31313630343437653537353134343038653536633763663038343362653761366537643966366666
33626339393264666530643534383733356461623539353331656239663864633934353165393533
30616137656564336634343364366533623763383831396435636238376132373039343130613763
37393931326133646337333338363336323339626134323831643766343831323034393861613765
63303636383232646239336135623238313461373636623765656633393533656664313061303737
62623838313433333232336337623234613539626265643763613236653766623838663732326235
63633563323937343564366632366261303138343038623561626661633536343866356635636439
64393239306234303563343335343630643765383861363366353331363432326432393565666638
32386134636265643335326339306639633534316631646331343438383132386463396632393635
61393661316237663337336234656332363938636538346434306663633265653132306638343639
30366631643364613964383962616234313736333365633866633665613436623061306634333939
61396564376536363731633966356464336233346164303738636532393361663937396331613434
66616234386562633132613438346565333261666534333435313463343862303930633035663065
66623365666531333263376533666362633335666336326436653031333861656232333730363935
31343764326266323730386435663030656638343162383364663862636130306437623937646466
35656430393936376161346234363239643537643135653666666535666137363163623662326133
31376563613662613065323461366431356234613438383934633630666435363961633865633031
34313262623065313535643431383237343063346331303538303665383730653631616664636464
63383764653130336461343733666534396533323264653635373639373436613831393135326630
66376261666338643435653263366162336163623966316431313932333839633662633834393664
63393231643464386230653262616639323061656530306233326361613833363931623735326234
62333165653434376161643366393563353664383162386265633338306564313630636163396630
65313335333131393032313234396265643031303931653536653664616335636263386631353436
37383438363562303938646131313636663033643434333231383032353130363435396538306138
34323265363734656566636638626361383964646431316362386662653632666465316362633438
33303061346166343531353534646362613466363239393633646237363062363338386665336566
63613430343939353338653039393539623834393134656165386337356431373330373063613537
62646333623262353034366663306565386162383163343931623634363965356666393732376530
39363039643139653061326634316334623862376163356538633633623533626339316263643033
32366466353533393437643566653337633632636430393135616561333338626530396333613032
32646561393330623033353530376663616332343730376431303435343965376330636264303766
33623564663636346638393134643134633731303435613530366438376566336662613938306165
61656135323931363364323261383035363831623861613532666565643036643964393539373262
39373764346533326461626237393335346534393361356562366235623434376164653033303537
32363130393963346530363131636538653230386463626161643331366334656462666135663439
35363061623766663465313331643132373931376662373931323235366565666433386137663931
37653437303164643261343237613931313038653738616437313536316334303231653963386537
38656630373966623636333466653538653431616536303331373930633564353766306136313037
66373266343864383666353237353562303232363236346638323138323962663337303739353935
36393565613135633937313439343539666538393966633730663437636264636161386537313234
34353066303639663735643833343434303938356130613737373732383266376163316434326433
61373162393330663535653831396265396664636464663232643961313263663835633464306139
32323037343262363733643238623262373065303862386562303839633662636236386663636630
30643630383835396164343462383530363163366466363832326435306261663334323030343238
61623036363663326266306133333932383238313837343333373036323438366132633566656261
30343262623833396662633266353039363465353334393839656364346435333763343664323931
39303464646161386666393632616134363233626536333266346633643662326138393736643038
61633962353166616534373932306664303434396139643633636463633132386337336637633539
65616339303362653866643132396337396431663666393132653861653835623539326133353561
37353036613664666462353432616562343233636332393436373733313961613131393338326239
66626232303031313135616537333635316232366162313364636436643062366361303666666263
33616561623237383963306535333662313934663438396463363537616537393835653065663931
38323837323738303066336361393230333137663465386531346639303262653836333836393734
32353032643937343432653630373738383930306137643732346633306463363564636366323732
36386439386632306136313937656566363264366633303539653233333837303731336234616538
36373836643662373437383366333331666466626432393030623633336637663535373932333562
35643236356163646233366565356137303238376339646134396637343238356236336537633266
32396435376465383033633236643133306431643032646638653336383035656264376263616662
34633234366439653332393662633833333734393537626332613834336537333335616264353730
63643232616461646133613433643833396463313730653061393364333335636536363362656137
39633362383130663465623935626437616336393565383863383863393162373462306462303832
66313864643438383838303563313163646234636362316338346234376333636161616662323630
31616661373565643431376261383465613166376234373133613665316364396431376361613635
65636631643062373864653530386134656538343536343934613861353730353436643735336532
62653963633837656365356233316338386230346231623963303766643830303534616336353032
62343531343361386639306135623333393337646437346534636564336534326362656634313231
33383434613361356361333937393239373838383266623863333739353133656532303164373335
38393035613930646639623265343036653236643338363734326566346638663862386336636434
37306436363130643266363965323139386639306362656463386335616131616135333031316433
62393233336139383736613730643165363961383232666663653036326364366139636139396131
64373063343964396536353863303637316464373537316465313862366366386563653834323965
35613763316261373066633661653364383430303639323436306363643064383335336532333638
38313563376436333137343436623236353535383931653561343837656439386132616631323530
62336630313263333262323663366665396432353434623733336438363730653636323533353233
62323134613539653534323965663164376232633161646462653130306236623365663331393136
39303563306665313037326534333433616166393332313435666134313734306530623733653436
64373233303931623563623231616364613965343563346133623338616237383932316265356639
31636638306532313334646164626131346664333531353565396634333534616366313338623161
35383736636461326164656235653131363338343336393965333065643963393936393635316139
32643735323232366436306132386362646337366231373162386464653039663333343966303531
64323363663733663431386339386638353232633731383261386236333665323863333037373261
36303861316166333236666132636263666534666261353431653666383365316661306438353962
35363562323533626138303033343736643231373835636566613166316434646339376566616232
31376562356635396137643335653964393936663435333437303563356234363338643561393266
31333439306565333066366539326566613130376265326464626336373666653833313635363132
31316434386539316464373666306662343465616631666634396232643262383161356330363163
64643238323461343336343538626162626563646434386433636165303437313031643066353430
66386139383165313837626533363730393438323238353964373230366430653532343734633834
37623362653337323265383262363362653139616265336630386664363233386434363065383166
64383935383132313466306634646436313036306530303837343835666233353063636636396436
65303062636230663166646332303139323936396436653833386663323835326330323931373937
32643830323234313735306130363936346535643663663939323864346432633865346132343630
37393931353364396339663138303463633937363664653962336461623064656563336630306332
35643065613431343239376234373635383865623461393535613033316638626533396239303266
39366334616534333266383066353661653335616461383432363334633533656166333736363331
38663761316639626631663335393961396238323466613664313066623339663265353335396166
33316537626564646265633966353431363765633663363733313932336434653866333764343238
62383562346365333439313665363164353034636263366132313134383439313465333865376130
38356438373062623131343733653338316639363131363965396437326234366639346164663465
31393465323366343865336630633935666466623237343266663565626166666464663239333931
36343863646362626265313333313636353164373834393637313163363531346164326663366436
63626636333837386439313835313262636230626536343339333434633937303231343332373339
30623934333938373565666639623839353233386539326635326564613635663930666435393939
32363861323664643135383265646332373034623737363465353861643439633237633734663833
34623366343063393465313762316661396433303061363335383433633261613334306463396536
34363862316431383436363535653633356430333235616430396462333964313337393334363239
38613231366162363339343965323865353632306538363862653332313730643165363663626130
61306135323635353636613163663432363761383836396665333539303438373165663436323931
32353937323435356238326236323963616533633161356332316531646232663665313364383835
36336436333635643333366666383737663133303032306436613136623665306333616637623236
38643435363438616162663836356531353633303463363366646438336233383038343131633036
36356330643739366631663964666239346535363832393930346262363163613264363336616437
34353062306161316665643037343862316339633764336661376562396531313238376465313533
64366532393237323832336565333535303837623132616131376363386637323339346630363365
39343531663238376232383535353731383239336566353733663661336466396339316565383839
62343730393463663063643936356332353334366336303135666265626661646566616434663038
35653662636436343865636435613165393262366462363636636361643036636536613533386266
32656236386234626333393936666433616635383033376138626637356165323537313837333962
34613736316361643439303866363761373632626237356436376434373734306365346465653062
66613761653164363531373861613136626666356231636335613065653466316461363433663239
64383032343565353830396133616335663139323264343236376664303937323538643732346431
65353735373064333361313736313265333731303164633030356631396436323964363638373133
35666361373063653538326131333637396131636532386436656236626162353735303737316539
61376136393437363664646464653663303738626238396265396437343038383833353064353430
30666165636633366261646134616435626261613933303534333865626331326633313438323330
35383936623638643532333364306164323433326364333631616631333239633130306537363564
64303637356263393961313338363630383566353631663932363163646637393438376364386338
32383664623337346138643737626338636263636262386434326266643830663664626539343964
65373135636465343631356362303064353433393865646433346261363439303561386263643865
34373263656539303434313537313265646134376361633436646330613965636363396235356639
35303964626666386163653130353665656137613833643464366331343230386331613437626431
35333863613163373930323066623038613632326539363264626636303938313164326331636437
38323831303230343864356335306437316630333832633462336463616464613465353463383465
65633231336539653131396433333064633562666137306463643661613363353339643661383662
31303537663336656139303131353731363965303966373533373130623331363139353732393231
38643630616234613662626465623064366632656231346434336534323166613564326337663662
65313165333435343039643332646361653733393934316464343539343064663335633866386663
32383565646339653536613764363362356561623039643232333830346661623438303833336331
63313532386337653430303764366161623636653535346538323631663566396534636462383765
39393639393432616132326339303235313861326634306238326535666636613538313165623435
39386139376435376563646636336161653739353835306234613731323937616561333436353130
36633166366530616461363538366231666630383435393436666536353566366134373033303532
39326534656230343162613866663762646438363731666536666534326633346565663461353566
33396631386664346230353337373639653639626339316639326365656435356433643966376264
31663863636133633530313334303966666138376266373963636233633039343634323664653961
36633733653435663934623334326366333133323130643235323635626461356264633332646461
36363362326264356562623231653430326439356430346164643033653266343366373334613732
66633736356163333536313561663734363136303736306563313936626232646333633930666461
61623465376336613736336430636365653466636236366565633530333339323239326632626463
30333163353931336237393163643761666634313134343931346361326461336536323937343130
61633339666465343561383766396534383766613432313235396330643539383865663133666630
34636661346165396236633436363338646639303661386430666633303234616263323535396462
66396133363939306534663633303665373163313431383962333637666363643066376236346465
33366463663436363133396565643933653036616561613430633766653033666365636533366235
35633161616666643663623533636165326461396632386362303037323830326134366333646236
61636564333938643363306162353465366434643639306165363438313539336438363733396266
35626462336661636535336135393139366631643935353136323930313735313537613162656465
34643863636265623762656237626463323139346630336537393435376435656664616336333930
64313435363130336231646531333034343334623539666432663661343332646231643563663237
64343636336136363534316333663562356566323361393062343130356630346463333831303633
63636435653738633435323764313062316139343362373334643661356237643065306430663362
62633062353839373064373435346633646230643530383363663139623562376461333332303965
64633835313166363561346163396164326431383935663463333236643935373939393462363131
62636662353333346365656638646330323165376430373930386133373038356166626163656336
30313937353331313866656432363138656365643133343637626361353430636231626233376264
37663861343863336438616562393962373535313837623230323235306566333163346530653664
38376264343662666236373536326339363034656135626131336139343538613931613833646432
65663538643565346465333933633632666363623966643735326564613130663366323230343166
31633832343563633764353166613562313433653434343939663938666666326263666432373338
31663765636137663033343431626566643637656362616132303537633334303937373263333064
35356633383239383735653664646535353030363766376262343632366435353062383634623363
33393830353565363837666236366435333737393865353734306337353733666332383835373337
32663137346632353261366164343832343065386634616239306534623834653233316237383665
31306633323063663032396263346132633438653665313761636630626662653664663064643461
63306637633361376461323130313437306165366438656333353237643962396436653538656562
35383830373334613564353335613835376238666632373964626431653864383837663462626530
65353239396532633739306131366264363938613832353933333034613437323030323035616631
31323931346633313633303561386634383364316337356161616363306565373935663264616238
66613262333163343866663138613138353634393536323561363138333235633331623739613666
32343036363463623365333737316562653463636139653930643039623931663530323564303966
37323131633465386438613561376639333237333635346566333532613939336466653364623462
34313433656161633338306232356534363639373536313465383065346535383661346362663163
65656134313530313237326438663330636238396363353635373662323936646332613563623965
38353436663838623533323562626438646333646634373239303936613266366632653531373334
36303365346537623636616631303261343235396164656533363338306636663031336663353465
36616137653533333665623662653531303766663265663264333465393036656433623633633338
32343039333231356533613632336631356237666663343936323138386639303163373035353737
37663762626365383238626134343863363964333134646538646437343236653336343633396137
31333335616537343038653864646438663864383932653065616133366661383339623934333636
30666338646262643137313766306239343638373933316537306535313965613665636361373062
33643165333437636566623937366661353237383135643065363964366166303731376232623433
66626232373430326433343637653935613762383264636362376535306561623035366262376137
61633933656266366433646334643731643532303832373761333834396439636663363632393062
31633564363261396364366538376232636536633636303431323236333862393533343339346631
35626438623633306661623636643730376334323630326262663363643931303465653933333363
63366565346431633564653538353163393463363562306462633264643466323063333631376136
37636565313236343439613830393362383730333061613262633433363137386633393162376236
66656135306561616136313131336364393834623466353835616334363564343531653163613237
37303431363666303734376239326333366562663133316132643439343635366264343231386633
62626635323735373739313431323761653366613561323939623861306538363165333634353866
65333733363730313337343666376534356132383534643863306237386238636332316263383463
34316165363933663836353533333335303930303230316531383866393065346462613938393063
37646162643164653464656538303435313764653432363565636566656666303235333264623266
37303831636664653830666138626136323638393663623038313232363964633738363631373961
64396366373062613533313466333464326263356230376364393839373431616437633836396162
38333365303166353939336463383466346661386236376232643231366237313136656235626334
38326466396463656334336564363139303264643263353466383763376164316566663339363535
31333830326636666434623131653061376633316232636465323536366365336437313234636566
66633464653533643664353439626131333339646339386233393732656438616533383065343030
31613234333132303131363935663935313036633335386536633863663061653662316137633363
37336166306534636435346331313430373634303130333430663539396463356439653036313564
37613161613831313136393763393039656132303566343033383061613131323661356331353738
34623331646536646461636662343663396635326531373530303163363336656265643735663531
38643539613363366666363863343537356436306135653132383465336231356436653262346163
66393632383762613265306536666630306237666265386231623864336566346665623836636333
38636664336337353735613962346137616333643436376162353661613934666439383138323937
36333862346266313731356163643133376337633136323030646130633562303063373262613730
64363930633031383238663838383631636562616664386362363362656232663464303563346666
30653163373633336438636330383038383831663233626162653130363866323266373239343663
65373534366664323335306634393532363165326232626666353032363566303562313561333237
35633037306635353539643566666633616363343135373364373533303436363931333261663063
39336530366434396632383238303635343462653061383636653730396536343738666231353037
37613864383563666232386263643934363630336637646639373035383637343131653063316535
35333231323464343735396235376663393564623034623230383134613765653332373038343233
36373266313136616535376262316237383361363235363631356633366438656636303363316232
37643265343338356162383065666432653037353165393262353063346161363936646661636464
63626664663333353736313934633633313538396265626638626164353730656430346139666138
61353262653636633934616239393937306233306132636665343931633162623432626333326335
34303737366261313465626333353431353133663439336363316362386630323833316236363330
33383432373334633066646561323062333931393666636339396531353437373161666535363332
30643138656438313236353733396630386364653536323732396434346466383562396339366261
39323339393734376336326635313638316634656365386263393862326431356463373936653866
33353431663735643531653365663535323965343736323130363030333962383932376538303936
30396338663665613135333337323962323764323362343765363732326464613266326537373263
33636362383938306139393165383065663866646437373535656431343065336432333464346431
30616139316538383061303833633364313034353637376164663035353334363066646139383862
39636537383164393762356635306366306237383161663666616165366437386365353934386362
62623131323235656566313736653462303430666564363939393062396131386433323637363536
39333836373830366465626262333965303733623964333765383332643439363836346236633365
61356135356162323438396137383965386338333734656162313061396162316466356338323332
34353965333631316530633662383937353437616131343838613439353330656662386563356261
30393631623634393137306635303864666335616639653332383061326163356333306632393364
31633362653031353033333436376266316636303963623162656339326462396230653262633762
64666130306464633465626264323435306665336337656431333363306462633061313436313163
32366462383163393738656432353666623438383632333566666535333563376132333531306666
62303362353635376230653362376635393736333135356632633433316639336365633665636330
64366232653735363566393461386236663365336538376133376662363632373764643539333766
30366437306638373761656430613063633739626232313730373830393966393932336631373961
38633930613165616536663930343564353462613535653031333834653134353433346135323361
65666662346430366532653130313237386164316330653439346235306533373364303136626564
34343735343338663163366239316361393537666133383731623663633032626634633837303130
63346336653832663666316134643237313730646466356439323662626232353366383732626638
39336339356130393364323863383031623330656334313736363165636463656538303562336163
32303863663939353633306161613336666564663636376236383833313037323764636436666533
62356137616566363737313938383933626534373938336532353532376665343361383530306638
61653830396131343166623936353732366339393464623533633065333031356637653932396562
64323338383936306637343638383232656266333763336462336566653062343338306239623866
32393030643035633639643832306436323338343037343831363866666131316166613531336135
38356439653764376664333765313338343235313230376535346165376565306135386364636465
37636639616237633263626566333637616365396631396661333230643865646232353565613665
32623965326632396164623434313463323534353164356639656337353164383138653239633862
63633166333066356536313137366637343738626235343362313333393530333536306434383132
30353232353663376239623033376339383762653838343266346634616437393737306535623261
34303339323834656237633536316566383562343235303038363761386436343236613732353231
61626138373537383530383533386165623335363930623434336239303535343430623661313735
62366563393864383765626430633166633531336537653332326637343430393065376337333236
64353134343230306266613337343432666161643738643133623134613436303133366664623464
37383331343934373662623736353631663661623536666265323138623635666337316134663065
37653764343938613461303462353234333939653737363264333163313532653931643266623035
31633463643636356134376664316564353330313435633162633831323637346334333861383231
66613566326330646361383830666137633234333636393863313962616662623734366165376337
36626264396663386635613331333032333137653633613233363238663938333237653265643765
30633638653032333361653735366538303366376238386430643032643131353462663330376638
37353432633935313337333339643133343634333437353834663839316633623439396438383261
36316132376231343737313663376666313863383433343632363235326639376234643934616631
62613234643164336339626239316534376666633633666639346634376636633561636166303131
36626236643762636361636539333133396663323934643163616436356562656662633639343934
36643264656132646662393466616531646233346230323138653132623565623939333832393932
31393438393138353537383235343231663338386331633133636663363934316130623730646535
33313439363031663832613035313263616635333466393162633765303136623365373533333331
35356364346334303637643939313933376437303465336435343663383536636162306336356239
38653635653562343531356162353130396131323037663266656337356130646130643538386232
34663634343361616166373165336333663530613333633466313435316332363565333964353336
39663937316666646365383365616265383332343339643161633835306561633736666335656161
38613163323731623334633439393031316132386432633933373637633933633433653735633766
33323536656261653433383565356563326634666630636633336361323133643237656430666535
65333963656533636663373962343137666135393462343037653233656634386636656436376562
66626265386539323664623338303334306438376437613130333530613438363764623036356562
32386332613737333662633431666235346233626464643866613136366361393533356362653765
33313765366636666234303661303564343739613263383139663562653836313664336561666435
61646633383237613632646536656234613430376464653235633961653162376233636562663235
61623665666439623736323535633035663439303530366365366239356665346637333763636238
31643133616539666534636537393235656634643336643636643861663361333333386434336663
37656638646533323565383630306332383432323163303232643461383963356164646432323338
65663930663161356463323765346132613037373636666665646562376365626330643333303739
65323930313162336436613337333331326237343433393565353863366239376237646433373830
61353132346463613466663233393465366565343932383931346566623537616663353062383564
39636265326637303563363461313234303862383332653238333437303830396364626465336139
66356635346437313662356266646265303639336536633464376166326664303433613831393236
39613838396531383534366465653765316139383732383639636261313536663938326565613763
39653364613764613464386237646634633563396666666139656335373362383866626638333937
66383233346435633931633631303137333136636134656664353365613337343135376433656666
30636165363165356438393464383235643565356639646439643231303237343865356366653636
30313664666237346263306639306434613761616630376234396262643764626666353639353535
36633337626237613633363130353230333064626162616430363433353533353934636534383266
64336662313631336166666465613538393236333134343735363436656632633737363933613861
38313432616538343061363565613738633439383136653336643163633663623732343562653535
33663832306237303864303564636234303638303831613366386239636631353039316662336165
61333033326562656234383133346263373831343832646135616535396236333662303839396137
61333533396530643862393738386438626338646331383032636234633066613939323865353834
66633639376135393335306233353336326136613663336263363436376166663736373561633536
35373033376638373861656562393762393739303266316135633838376638666438373966623064
34643239326434383130646432663033643661313139636561356666646661633065333964333130
37323138343032616437336436373731613865613765363336313130626331643736386663346334
64376262383331613533646462346539396561343465643661633031353739636637646236396137
64613361306530373261336635623762626335356138356638626437613134373361303838313137
38663333366563633233303939353839313535306362636231303262633764656531376236363134
32356530303861666265303739653635613939343033303465393036323363336564303361336666
30313030623031643932373637386335643234353730613536316539333965313335373233636562
66316135343066666166353061623230613631643761646334653331383761363333653931323563
61616336323936353336633939393466656630346562643931353666346132636537343938636130
63393166633965363163353565643230376364653436323235613432666636356433616262323065
38366561376232303037633364646666613133643035343933663734616531346664343536393839
31373237363036376233333261323437623231383063313061646432393733666536633139646335
34303537313262633739643765333938356430393264333934633036376332653065313832363132
38373839626661636264646463656131346264356633343832386163633836623566333264666531
38636136653561396133643833373565646535613436343665623463643539356335366334386163
34646136373135323838353462363831636435333830303939316663623165343632336538633238
37383338656235303866366162393032313437663039363163363538316138643962663664333531
39306139613732653466333062663037396461383935653862613261626634393465623663303231
65373834313437306637313530663664313831363131666162343336623961306361356663393361
61613738656238373733646238363763366461323831643865363438356439663830316561383861
33386139333864356263313531386136663161613231393835666365353237616164616131393933
62333562333036386332623838666265343636346638626363313136636164363133363036653134
37373439326632646264343732633363303337633431323065656434353139663735363133303133
61346338343566643035616235393465656331306639346239306133316634383732613733626539
38633530643834633066323238323934613366366231343364646339396637643836643632343432
38343461323733373263373532616331346239306464323463356533396539373132613630656133
39303538663066643938623433623366633834636664333761353338343239396433613062313034
39383262366163613231326435633431386537656334363761626463323135383163333564666365
63336164623663656533316338666532666235643230303864656433316666343739333930343131
62316366316263393431663762323433386165633766663066646564336364633436343463343139
66636566663761643433646430653034306564646539633765636539303330323565306163326337
36303463643535623033303939663333303435386631613630323464383430363530666134306264
36666239313138323937643665613834656532663864623039623637633930383630616464613639
30313932316332663136383763343737643731313036363161306634313732623735306235643231
62346135623139653235313733653037356235666239313732396264656539353732383333336134
36646338663566326439363131306339353038353436653237313133386536323865616438333834
31323137323231303264616637343263373131323239616232623730353337303238613063383062
35613066363433336466333562326263383336303061313931666161643132353338386638663834
30376430313537306238393230666263333133666633363961626538353630666135386237313838
64343534396136656362353836656437363638326434376230316665643162323632383363366263
62316238613766306566623431653538326162313862613237313638363132663232343938373839
61386135616464306635303636393432366133363238323531313938383036313534386332323236
30613862633964633633333237393235323866613934626533616238303562363136303632646539
66366639386135306136366366653731633035323831633039373764373333366566653631323965
33346534333536376436303933646565363239626630646431313131663663313032323032636338
34303065336636313339313234303436353461376133323266646637346664366431343863323436
39656133663935333062316536623732333231316465363862643933613235353334656535623435
33323837356235643662653936316564336532643563383438303931663933313064343365303034
34373936333461333666386261306438376434636133653432373532653264656237386165663766
31383162363632386634376131656230333339373235303233306366663735373334653434343234
62363133633230373665663163316262303034633432346632653230376331623439663364313131
32393938366163663765633132343061646336643139333064356361383632366235303238393864
31333734343766386163393234343439323261373833656336356338653933613966393062363766
35316137666365323862383435643833346436366562656166373162323665363561336332393136
35383839373063336534356664323937386339333064376563373864396635346530326266666665
38643934663066316533393065636662386532333335303861353765663037626631366535343566
63313938336233353331663232346161653364663563346537326638643931396366383535633862
65643837323064326239666364643864306664646336613731623963303265333537393138663034
34343035356631363461306666393638626533366338666434313231303465663861663565313863
33636536316464383161353335383865323331323333373331393338653936306566316236633739
62363263313766636330323862363165323735623235393266643062343765656165346236306133
65336163633734323733336638363135636436363233333766313464646665316637363364393231
61306433313366366564353631346362326236663438633834396536323763636534393466643961
36363931626231366535316534373130363939303338323665323532666339383561626436646566
36646666643832366365636461333935323733623438346566623565333237363838613231623831
34623238373763633233633838376431623035316534656330306564313064633566663930626331
36306535353864373839643665396365373030623033383232363361396432383431373933646465
35666264653230663734303336386135643462396430373263383436303262336463323964626239
65306236383734373732636637316237353264643164343766656366383435313962336465613533
36353561666638376532633363393338383361623764616266656336323462643936626361613131
64306164613465316438626134323431353335383661356562363330376465306365623931376634
36653338633265366365623838633166373164316433323563393639323130333865343636653036
32613739336637646234386262623361623739343733663938646162653138353661323633383031
38613965663135653232316432323430336638633761653439393333623263646336616539623965
31663933393362303063653639653432343065373066326633646136663333663165396335363730
6432
